52.2050448,0.1195771
52.20507121611573,0.1197478395010331
52.20504920268596,0.1196055565835055
52.20493274819054,0.1196414788577953
52.2052341,0.1194274
52.2051458,0.1193941
52.2051342,0.1193713
52.20510636026582,0.1192338572144842
52.2049073,0.1196561
52.20509322954551,0.1198901224185607
52.20479978673841,0.119722206475478
52.20511304163231,0.1200181770443355
52.20532354266103,0.1194088266603831
52.20509389819526,0.1190871722766864
52.20471563112307,0.1197739510792463
52.20513505506209,0.1201604599618631
52.20541040793244,0.1193907884600253
52.20508533522196,0.1189601537673089
52.20496705457847,0.1188317645421523
52.20485933824126,0.1188425361758742
52.2051529,0.1202758
52.20550013464146,0.1193715837438236
52.2051017,0.1188183
52.20507477091569,0.1188209929084305
52.20446692469445,0.1196261773298206
52.2046475,0.1198073
52.20465410271603,0.1198762919888055
52.20516840350373,0.120350170554168
52.2051597,0.1203085
52.20524932095742,0.1187637505479375
52.20515106476268,0.1187824923919904
52.2051136,0.118798
52.20482376289867,0.1188464715779847
52.20451355493692,0.1197141157626335
52.20458025618032,0.1197882323327688
52.2045655853803,0.1200153793722254
52.20519741518281,0.1204890724013947
52.2055888,0.1193512
52.2056375,0.1189645
52.2053517359717,0.1187442156269583
52.20512434368183,0.1186302212058713
52.20473407739199,0.1188573294679079
52.20456272778735,0.1188793989896149
52.2043925,0.1194611
52.2044989,0.1196971
52.20449327878075,0.1201026356182617
52.2052285,0.1206379
52.2059365,0.1197351
52.2056695,0.1192997
52.2056858,0.1190929
52.2056011,0.1188522
52.20545220349757,0.1187250519347447
52.20511436871213,0.1184548784477063
52.20464439188532,0.1188681873578311
52.2045716,0.118877
52.20442964459764,0.1189153838338381
52.20442304343765,0.1198102609164306
52.2043695,0.1200731
52.2044147,0.1201673
52.2058865,0.1195796
52.20584028535271,0.119453709460072
52.20572175598182,0.1191775755589219
52.20569421726668,0.1190877328111808
52.2055589,0.1187047
52.20532094432648,0.1185403883262097
52.20531735492071,0.1184699636273763
52.20457136011061,0.1186814901467594
52.20434092247116,0.118939373729987
52.20431659877592,0.1192445491606954
52.20436571133267,0.1193846702920101
52.20433868000813,0.1199045337095098
52.20441343626884,0.1201965764386004
52.2044019,0.120307
52.20525754003744,0.1207611793123939
52.20568553698386,0.1209828800698503
52.2057535189651,0.1209343749991138
52.20578952009372,0.119329036644533
52.20576997266693,0.1190412281118077
52.20552133053383,0.1184865111552511
52.20536378197656,0.1184932716842013
52.20531569905572,0.1184398248182106
52.20531360115978,0.1183746390004217
52.20510188866328,0.1182350815188036
52.20457116204977,0.1185200705660417
52.20427195099705,0.1191171663140456
52.204309,0.1199377
52.20425440128116,0.1199987135400789
52.20529626008737,0.120925551728919
52.2056052,0.1210402
52.2058223,0.1208853
52.20606180581095,0.1201789477461401
52.20584572806717,0.1189947234124346
52.20591770701821,0.1187540950209609
52.20589225264825,0.1187093152315697
52.2055116,0.11843
52.20537439343395,0.1183680864145344
52.20531076031754,0.1182993417410216
52.20530772540326,0.1182295103003526
52.20509793119452,0.1180430782683052
52.20457059010211,0.1183436015862729
52.20420203439329,0.1189522278026135
52.20425220034469,0.1189633636261358
52.20423176799607,0.1190025217520608
52.20417051965185,0.1200924498972523
52.204126,0.1201422
52.20583877258185,0.1208735143853608
52.2059824,0.1198934
52.20592990073412,0.1189430515242423
52.20581644195749,0.1185151120178602
52.20576545827637,0.1185221941614145
52.20550582520328,0.1182923334892751
52.20530631814531,0.1181951077904841
52.20530182371819,0.1181222050383895
52.20510442940559,0.1178990539123728
52.20456937092766,0.1182115457429587
52.20413196548854,0.1188146087286598
52.20533498013729,0.1210899241454442
52.20593733584881,0.1208029957712513
52.20608972903483,0.1203185908642812
52.20602562991054,0.1200454426897003
52.20600992252583,0.1199900816933128
52.20601531540143,0.1188891312559558
52.2060046278096,0.1186959973422574
52.20588570568756,0.1186339826870153
52.2058892136459,0.1185498733309203
52.2057555707063,0.1184523603911884
52.20573874825146,0.1183997013498015
52.20549906967128,0.1181312870378826
52.20533630476208,0.1180416357518652
52.20532097010132,0.1180477118975887
52.20529441802534,0.1179863715066176
52.2045691,0.1181822
52.20409150292544,0.1186805088488465
52.20405329967085,0.1202234416246531
52.20536784647855,0.1212128926547947
52.20552700442221,0.1211153686039812
52.20610642138598,0.1199548499528756
52.20605439771628,0.1186682870575169
52.20576615403083,0.1184105063810534
52.20549477069637,0.1180288029324511
52.2052268,0.1178254
52.2051467737025,0.1178056237936206
52.20499852788654,0.1177666848618876
52.20456777435813,0.1180128666927913
52.2040463,0.1185307
52.2052178,0.1218824
52.20541594793027,0.1213268299877057
52.20546458059755,0.1212120561873513
52.20602997461045,0.1207367155553816
52.20611499016695,0.1204435238735754
52.2061867228564,0.119898995881144
52.20609905168918,0.1188356044787498
52.20613591035158,0.1186245523532534
52.20616600893086,0.1185644251813756
52.20610298853086,0.1186430588753922
52.20551795354581,0.1179570310108827
52.2053245495751,0.1178062962200737
52.2049097769554,0.1177429800677303
52.20482102602426,0.117719275273573
52.2047234,0.1176932
52.20456860096894,0.1178571377730838
52.20402316820307,0.1184603058528645
52.20395841264657,0.1203354599225296
52.20511413579483,0.1220198309983829
52.20532608880711,0.1216774790739504
52.2053353,0.1216361
52.20536321076227,0.121509516484051
52.20539873819822,0.1213782298046361
52.20612686246135,0.120677167612218
52.2062158,0.1206359
52.20614890413457,0.1205629812536051
52.20627188105036,0.1198397630373316
52.20616910272955,0.1187917210440796
52.20616796024498,0.1184829049870473
52.20617135398006,0.1183981434493546
52.20599886456629,0.1180700377647108
52.2059045688879,0.1180358586494671
52.2057080302752,0.1179830197807372
52.20561682362243,0.1179624201555204
52.2054958,0.1178951
52.2054245,0.117786
52.20386480750889,0.1204497543290019
52.20525415442432,0.1218392184537349
52.20623329544232,0.1206290892742416
52.2062998,0.1206032
52.2062486,0.118719
52.20627622257827,0.1185766359505068
52.2062863354696,0.1184308157030405
52.2061006703579,0.1181069392254572
52.20586347686064,0.1180246671259986
52.20579274794851,0.1180057173352499
52.20462525831377,0.1176743688921381
52.20457956520791,0.1176803770711424
52.2039629,0.1182769
52.20378560316164,0.1205464649806324
52.205303,0.1217812
52.2053596,0.1217355
52.20543340709938,0.12170652951699
52.2054937,0.1217013
52.20632921160245,0.120757326683081
52.20630514756408,0.1206312230332874
52.20631568682158,0.1205945144479325
52.20639420106871,0.1205515894923029
52.20643266461765,0.1201257318286402
52.20639089195588,0.1199794029869111
52.2063469,0.1198253
52.20657603643625,0.1189748799491448
52.20629543707179,0.1182995774803209
52.20578695145893,0.1177813676073072
52.203728,0.1206168
52.2050409,0.122105
52.20556563063091,0.1216989040484996
52.20585979672942,0.1216879892799891
52.2059487,0.1216768
52.2063593,0.120915
52.20646955896531,0.1202549700526781
52.2066212,0.1190989
52.2065159,0.1188
52.20648561390713,0.1186615131854654
52.20641185083674,0.1182336199747367
52.2063033,0.1181862
52.20627725531826,0.1181747107357932
52.2062118415615,0.1181472356026739
52.20601264991436,0.1178471406216488
52.20587416883863,0.1178109113514267
52.20578754563859,0.1177052284914453
52.20578884384023,0.1176315885120687
52.20442081874283,0.1176411031312092
52.20391393730038,0.1181366405259997
52.20355132026197,0.1185861348543157
52.20366280236068,0.120701041414903
52.20492204438932,0.1222199678103268
52.20566453524842,0.1216956096151867
52.2057699,0.1216921
52.20599348509749,0.1216702246507739
52.20608305529248,0.1216570739523218
52.20617262548747,0.1216439232538697
52.20638732608184,0.1210627456106016
52.2064871,0.1205008
52.20667162112134,0.1192295220366905
52.206471,0.1185273
52.20646027281793,0.1184048596877764
52.20624831612681,0.118041507570217
52.20611118741577,0.1178777374892661
52.20606162144322,0.1178604554022229
52.20596538805805,0.1178377222749987
52.20592227165656,0.1177049370959367
52.20426528948892,0.1176182193973458
52.203875,0.1180251
52.20359267465324,0.1207931863071554
52.2049741184436,0.1224043568786605
52.2064178031131,0.1212234161738954
52.2065881602841,0.1206911606392295
52.2065276024853,0.1204582973780246
52.20654311073908,0.1182777870258346
52.20627584735285,0.1178783628340463
52.20617211042065,0.117812437411601
52.20592126742454,0.1176215913109786
52.20571940130819,0.117256593570346
52.20416877041645,0.1176043966601489
52.2038268,0.1178639
52.203558,0.1208399
52.20350438367738,0.1209219253429956
52.20463902010384,0.1224474292077126
52.20473348434588,0.1223736074618935
52.2048308164402,0.1222975458605917
52.20503934722072,0.1225257158547508
52.20626482598879,0.1216303345531639
52.20665292722963,0.1207915749124977
52.20654806068527,0.1204605406637462
52.20662394716816,0.1182848141505811
52.20618683541347,0.1177359927543193
52.20592059845183,0.1175406764514833
52.20592079802704,0.1174657545984985
52.20580494066203,0.1172642987088466
52.20571713398543,0.1171888440175053
52.20407595670521,0.1175911049291734
52.20346941127706,0.1186226750557838
52.20344310962211,0.1210293358122844
52.20490888966648,0.1222829979025701
52.20510163677361,0.1226374937854965
52.20644971390206,0.1213916431778383
52.20672292884869,0.1208842506048264
52.20663701472936,0.1204014932089559
52.20672594351674,0.1203362928501707
52.20681351318777,0.1202611981881403
52.20684617495808,0.1196817301192727
52.20671524353028,0.1193425317240914
52.20630150401381,0.1177166641665675
52.20621948723047,0.1175931829111505
52.20611267114725,0.1172622997721362
52.20592066798518,0.1173870129453007
52.20585083047144,0.1172644364831683
52.20571569590146,0.1171172882354483
52.20398636907515,0.1175782749494096
52.2034186,0.1210723
52.20454933550911,0.1225175144272576
52.20516941524764,0.1227456558561379
52.2063588,0.1216163
52.20688724235136,0.119788122572206
52.20680353098512,0.119571253724085
52.20671344962492,0.1182771305917326
52.20632711204144,0.1175455924997024
52.20623551882426,0.1175234115724209
52.20615361016602,0.1172735535497793
52.20591315875868,0.1172239412431111
52.20579678621527,0.1170231416808178
52.2057082516376,0.1170233749213594
52.20571464989148,0.1169397882158592
52.20551543809244,0.1165696955600879
52.20384302886706,0.1175577469817874
52.20377226846249,0.1175954693927994
52.2035066,0.1175296
52.20346171286756,0.1175339439160421
52.20337485714902,0.1175423493192981
52.20337873633608,0.1186836973045304
52.20335252990542,0.1187379454047471
52.20334580979506,0.1211985586856045
52.20648428392344,0.1215738890987764
52.20669923675297,0.1215087588737701
52.20679235033948,0.1209761586440857
52.20675884217214,0.1194554803407619
52.20680049722158,0.1182565979241466
52.20624983755494,0.1174721384120119
52.20619777877774,0.1172755009042703
52.20603336548379,0.117227000181515
52.2060289198165,0.1171424743135958
52.20592300764299,0.1170871194618996
52.20584692551326,0.1170221347053086
52.20579189473744,0.1168980680711229
52.20367260818044,0.1175380093581025
52.20328267297122,0.1175584350824332
52.2033458,0.1187073
52.20331266439557,0.1187301480160546
52.203315,0.121252
52.20445771007861,0.1225891153322485
52.20523630552662,0.1228524010078366
52.2064855,0.1215803
52.2065462269378,0.1215605700496383
52.2066554,0.1215251
52.20678691025891,0.1214760766213102
52.20687608605655,0.1210870202443014
52.206898490537,0.1201741810660788
52.20689150557032,0.1182252137432581
52.20634515901182,0.1174034793552741
52.20624121341226,0.1172797442165461
52.20610071558215,0.1171261658079743
52.20602810476623,0.1171008357240453
52.20598173368561,0.1169847249086899
52.20583973175078,0.1168997961338789
52.20551303063191,0.1165223286830042
52.2031936,0.117579
52.2032347,0.1187998
52.20314891436673,0.1188913744723554
52.20324011195309,0.1213739027704529
52.20333888271418,0.1218803695702491
52.20365966591603,0.1220591198688649
52.20530009762115,0.1229542024432057
52.20687662584486,0.1214426334861109
52.20697075183725,0.1214075458181558
52.2069459240377,0.1211794801628676
52.20693701381623,0.1199170654796545
52.206358,0.117267
52.20628088511533,0.1171661695346131
52.20619868634824,0.1169808646362753
52.20610787320074,0.1169686239164776
52.20605702052309,0.1169444795532399
52.20598967213917,0.1169497679746883
52.20592747146213,0.1169236386177488
52.20551880210953,0.1165442895696742
52.20551863661881,0.1165333449134778
52.20551408109324,0.116473494961383
52.20551363265722,0.1164524659945982
52.20531836118778,0.1160325208758241
52.20522846316742,0.1160365556688643
52.20350417853056,0.1174992157721958
52.20312286790101,0.1176004702104033
52.2030696,0.1189654
52.2043753374877,0.1226535298364505
52.20536358163772,0.1230555126670268
52.20700877822073,0.1212626940895772
52.2069782,0.1200874
52.20697973884401,0.1181886080474992
52.20636842760852,0.1171212385369757
52.20629125361042,0.1170172208467193
52.20604644494225,0.1166996288040991
52.2057551,0.1162866
52.2055175030182,0.1164866932783753
52.2054001,0.1160365
52.20300792824014,0.1176353593023085
52.2029580216612,0.1211669888606455
52.20299215783075,0.1213184882516482
52.20302319071216,0.1214562149707415
52.20315092873157,0.1215454641804275
52.2042707644698,0.1227388304746686
52.2070594,0.1213745
52.20707163240377,0.1213459080162868
52.20699365987804,0.1200723992458046
52.20707095926823,0.1199973954748278
52.20714825865841,0.1199223917038509
52.20708719947441,0.1181440252176557
52.2063747,0.1170187
52.2060819804467,0.1167113671609741
52.20605880008697,0.1167033412762066
52.20605811503068,0.1165880542969262
52.20588373150284,0.1163069849781922
52.20571954910487,0.1162776360957296
52.2056151,0.1162513
52.20556568752585,0.116187652177986
52.2029942,0.1190149
52.20292388549166,0.1210154894696428
52.2030533,0.1215899
52.20358917272434,0.1221520819185123
52.2042225,0.1227782
52.20542364974972,0.1231487219802199
52.20722555804859,0.119847387932874
52.20730285743878,0.1197723841618971
52.20638307635795,0.1168725865946846
52.20608959538224,0.1166452221621057
52.2054988,0.1161083
52.20342706507116,0.1165316050999124
52.20289165538716,0.1176652932702178
52.2028917,0.1190557
52.20285871644069,0.1207262633595467
52.20289511393968,0.1208877956109671
52.20303570847386,0.1215117936239778
52.20306316371939,0.1216308745785118
52.2030877,0.1217328
52.20311105793838,0.1218281861107376
52.20548119213193,0.1232272327876547
52.20738015682897,0.1196973803909203
52.20638681405736,0.1166996751051377
52.20598219347159,0.1163225888158325
52.20567248376631,0.1160027919206072
52.20566356225098,0.1159723244613815
52.20267055490818,0.1200280472771767
52.20270926685438,0.1201686457909611
52.20275706196596,0.1203422347680881
52.20315110011845,0.1219917051577163
52.20351222339548,0.1222438290007308
52.20413001314359,0.1228582917107046
52.20431109903434,0.1234776938694555
52.20438122469823,0.1235915480842048
52.2044511,0.1236924
52.2047914585475,0.1241386520100486
52.20486967399147,0.1242438440259747
52.20553212265642,0.1233004082975595
52.20554474531285,0.1233213165951191
52.2072244,0.1213812
52.20745745621916,0.1196223766199434
52.2075532,0.1185623
52.20753344489525,0.1185292152502146
52.2074665,0.1184171
52.20741355092262,0.1182934581098052
52.20736081023517,0.1181562022087
52.20638657532761,0.1166146750615448
52.206135,0.1163448
52.20603642788942,0.1163311729776495
52.20594328326256,0.116130117934631
52.20583463697364,0.1160372262511089
52.20576760342674,0.1160246224259254
52.20571723608779,0.1160080426857917
52.20566924001241,0.1159012071981351
52.20567042063899,0.1158612382353112
52.20279885101065,0.1176841738198629
52.20280458632294,0.1190921478808336
52.20263588919435,0.1199015780474655
52.20281623994517,0.1206752328869818
52.2031878054502,0.1221415976174467
52.20341621497896,0.1223389744421836
52.20416741064197,0.1232350934955312
52.20423459831012,0.1233534892715472
52.20457102113632,0.1238474578342233
52.20464440585676,0.1239423449091401
52.20471634547352,0.1240376331980629
52.20558418404007,0.123474843484894
52.2055604468588,0.1233541258659698
52.20753475560934,0.1195473728489665
52.20638620131044,0.1164826002461792
52.20622060839504,0.1163555138046023
52.2060403951984,0.1162728600119463
52.20594268236481,0.116098041366854
52.20575412707836,0.1159705441273502
52.20567249514199,0.11582635310657
52.20567003020619,0.115765554534164
52.20566952158049,0.1156916157691228
52.20270048054871,0.1177041865864176
52.2027036,0.1191344
52.20260084209364,0.1197736913483033
52.20280309195681,0.1205094141599807
52.20274680651053,0.1207211599332727
52.20321783708525,0.1222642369026807
52.20406154256789,0.123035273982125
52.20499221082271,0.1244037340250421
52.20561279394315,0.1236100993395189
52.2056103,0.123596
52.20761707239326,0.1186664133714844
52.20740171512443,0.1180055197344196
52.2063859,0.1163762
52.20631802122868,0.1163677049731968
52.206058375992,0.1160399000597313
52.20594142591003,0.1160208266617815
52.20593783566135,0.1159369497014495
52.20583985441874,0.1159001925322229
52.2057678514111,0.1158238340445337
52.2057146348536,0.1158219084944108
52.20566921157263,0.1156533893427536
52.20342531938659,0.116509703307777
52.2026036,0.1191886
52.20255509462983,0.1196498362894611
52.20263932911634,0.1207875558503458
52.20332059638119,0.1224074093445167
52.2073567,0.1221582
52.20759659512149,0.119487369832185
52.20751804759101,0.1179805728298922
52.20606920546226,0.1159046821239302
52.20598499907769,0.1158848235804442
52.20594240897913,0.1158166099097002
52.20583190051168,0.1157653621262966
52.20576508947729,0.1157177101047466
52.20572261112602,0.1156041093870783
52.20568076246656,0.1156012770704535
52.20566806565514,0.1154007878404571
52.20309833663885,0.1162216335404539
52.20260470165339,0.1177236720314944
52.20242176313828,0.1188847545108327
52.2025087,0.1193181
52.20254232261323,0.1208457813890995
52.20323112458352,0.1224731948280792
52.20326763744993,0.1224677768607508
52.20330746214955,0.1226314380252558
52.20335060557413,0.1228087376201362
52.20338379282381,0.1229451219238904
52.20378995184723,0.123179952552981
52.20386687878461,0.1231042009619735
52.20393943225815,0.1230327557297039
52.2060800152943,0.1157737899470047
52.20597453150035,0.115698544552032
52.20594462177899,0.1157456358823481
52.20582775129893,0.1156410772895811
52.20579781515898,0.1156104772747995
52.20566545401928,0.1153658273165945
52.20340235088254,0.1162444352789067
52.2030086930705,0.116233376970874
52.20295580806587,0.1162412930029512
52.20282560260064,0.1162666509433447
52.20251830333517,0.1177487290704413
52.20238849211218,0.1187394818172295
52.20245559877102,0.1190324939374119
52.2025293,0.1192669
52.20246579347815,0.1194903684655927
52.20239608294127,0.1204769972374891
52.2024491025328,0.1209004355899
52.20314149833408,0.1225712793123168
52.20370387306212,0.1232647157955148
52.20771240331615,0.1221322734489971
52.20765843463364,0.1194273668154035
52.20768650034812,0.1187818676304758
52.20760778554602,0.1179709369793529
52.20600392716682,0.1156594343193547
52.20582174991954,0.1156124226288853
52.20576727246979,0.115408114809668
52.20571881517279,0.1154098636157244
52.20566486940515,0.1153325408025694
52.20566490186724,0.1152871702906282
52.2055121257253,0.1150506552473019
52.20545604474012,0.1150540074711728
52.20543854376373,0.1150395934985227
52.203396,0.1161718
52.20328629689445,0.1161906016429822
52.20319640373197,0.1162060080574651
52.2027277,0.1162898
52.20262634926769,0.1163290687339219
52.20230783132773,0.1172148096834671
52.2024089,0.1177898
52.20236125800184,0.1185891527150196
52.20251598487668,0.1192307816924676
52.20237786263738,0.1204065136845713
52.20304440323051,0.1226775375035742
52.20341698007348,0.1230815062276446
52.2050176530371,0.1244931885505062
52.20735249885119,0.1223282473113047
52.2077392,0.119349
52.20774755038871,0.118236478092399
52.20774683243421,0.1182291499741268
52.2077135,0.1179802
52.20780686021217,0.1177544480676715
52.20783725877863,0.1176702086948183
52.20788004402214,0.1175470316413225
52.20609202621881,0.1156283541948653
52.20577993280855,0.115347344143089
52.20577954426591,0.1153015109154581
52.20570085063419,0.1151896542808402
52.20567970328443,0.1151836200093044
52.20557201399464,0.1150490144684113
52.20544656483706,0.1150061395825901
52.20545820257698,0.1149627819642092
52.20337619422124,0.1161751944521173
52.2025651,0.1163528
52.20227947697084,0.1170449106365027
52.20233618568463,0.1173847087304315
52.20236790234007,0.1175647504480516
52.202338,0.1184377
52.2023615,0.1193286
52.2024343,0.119438
52.20234190273921,0.1202647264882728
52.20235763581319,0.1205747186197073
52.20235564588989,0.1209537288999899
52.2034468485982,0.1232042521010233
52.20498693198729,0.1246296678687483
52.20735379636213,0.1225190164857984
52.2078804188905,0.1195973423697834
52.20783099650347,0.119510429685855
52.20777002301369,0.1194032040103461
52.20778096042811,0.1192932377262161
52.20774696102485,0.1182019387100581
52.2077312974983,0.1179844427472744
52.2079049080343,0.1174764443296681
52.20795132158841,0.11734363957504
52.20799420365833,0.1172096479573668
52.20610403714332,0.1154829184427258
52.20577683002184,0.1152538604353026
52.20577341428416,0.115208990693759
52.2057158330373,0.1151223171090692
52.20566885558412,0.1150822935406666
52.20546829688377,0.1149146292235343
52.20547275728274,0.1148674612209959
52.20545047451753,0.1147408596033017
52.20542614522623,0.1146667576559821
52.20542029904669,0.1146251329151085
52.20247647058296,0.1163801476876508
52.20233525906373,0.1178214660375705
52.20228070981321,0.1181028668046701
52.20230731028059,0.1182583335606332
52.20226048328072,0.1191214502987027
52.20230986704421,0.1192314449036585
52.2021797130509,0.1197723838333502
52.20221397407497,0.119914595908341
52.20232304770866,0.1201988991998064
52.20236201450298,0.1203389803908692
52.20226900170292,0.1210018020873079
52.20219797476298,0.1213466663337201
52.20295477698107,0.1227756219878119
52.20361947762576,0.1233478210390309
52.20495496204968,0.1247716933987473
52.2078028,0.1221308
52.20810261247914,0.1199915867979051
52.20803725689589,0.1198732939628329
52.20800492336134,0.1198162934430346
52.20794260394842,0.1197066995269564
52.20785972520028,0.1191312830281148
52.2078085,0.1190153
52.20777213132278,0.1182401619455504
52.20777299878852,0.1182277044185867
52.2078235,0.1180281
52.20778736401693,0.1178245889910272
52.20797395556824,0.1172731401413216
52.20801691910054,0.1171442095370878
52.20611724916027,0.1153229391153724
52.20584996307932,0.1150542632021541
52.20582579393291,0.1150762937307661
52.2058038152155,0.1151009845891338
52.20570558462715,0.1150028081198116
52.20565083774846,0.1149493664844954
52.20563269039314,0.1148689172069339
52.20547023740266,0.114821980447374
52.20541792725628,0.1145796105504928
52.20225648444909,0.116903231063596
52.20232302118385,0.1174721362627743
52.20219812710306,0.1175553175766458
52.2022396,0.1178626
52.20225169112153,0.1179332667072559
52.20221064386482,0.1189903536582293
52.20214900653073,0.119635834423292
52.20223175200194,0.1199891877638493
52.2022652825562,0.1201310754921678
52.20228480065746,0.1201849904975063
52.20227204467869,0.1206279909717409
52.20222989212777,0.1206579521203821
52.20287261958575,0.1228655327650297
52.20347459771879,0.1233182854145968
52.20353989877452,0.1234261829890344
52.20735499406452,0.1226951111084079
52.20790956037806,0.1221190490323621
52.20817140663641,0.1201161054660952
52.2078755,0.119167
52.20612926008477,0.115177503363233
52.20589591814718,0.114998537987816
52.20587380281578,0.1150294963674696
52.20570095348339,0.1149580105316659
52.20569557189484,0.1148663421531637
52.20562734142211,0.1148269655188869
52.20561863406746,0.1147478364168535
52.20542122606385,0.1144893356399166
52.20223179114359,0.1167318174451717
52.20208581641435,0.1186069985457832
52.20212584924305,0.1187383956373496
52.2021643,0.1188646
52.20210975733229,0.1194999206381056
52.20219676883455,0.1198419687530929
52.20224916208075,0.1200598089222353
52.20218571776756,0.120687279848454
52.20216585966642,0.121054032300107
52.20217905368233,0.1212765775258667
52.202799,0.1229461
52.2035084,0.1234572
52.20492229755222,0.1249168034975953
52.20735333897188,0.1228427857508088
52.20799795877039,0.1221080947983244
52.2079160357453,0.1191193580258456
52.20799062318829,0.1190316945426489
52.20792245386006,0.1180790543449902
52.20803788005948,0.1170740213570127
52.20614127100928,0.1150320676110935
52.20593143259093,0.1149205144515975
52.20591502928849,0.114961351484169
52.20569553723751,0.1148200349582851
52.20569268055758,0.1147281142009149
52.20561388020909,0.1147079263068349
52.20560620239832,0.1146246908621436
52.20560338102799,0.1145379346883146
52.20542640867185,0.1144461023141616
52.20542993788757,0.1143470074019888
52.20542910338896,0.1142991166120737
52.20292651834509,0.1159918692560496
52.20292654521181,0.116026590906813
52.20238810477578,0.1164074140352599
52.20221383769682,0.1166071884528691
52.2020923,0.1176258
52.20211258767763,0.1179304397081685
52.20204175761538,0.1184649055161173
52.20214083093371,0.1207173749481569
52.20209890376248,0.1207452901647628
52.20213742921857,0.121126475684136
52.20271843395059,0.1230397655666632
52.20346168220746,0.1235012567577189
52.20488909153103,0.125064318254453
52.20734768640159,0.1229892501278308
52.20801225144838,0.1181253319434668
52.20808209232224,0.1169332529824487
52.2061525,0.1148961
52.2059553736341,0.1148352417081355
52.20595286972701,0.1146914659593961
52.2056912283424,0.1146843426014925
52.20568666769458,0.1146422251459285
52.2056814453638,0.1145604881043596
52.20560084183911,0.1144916384608621
52.20559861153248,0.114451567119005
52.20542918054684,0.1142621174809051
52.20324771527908,0.1150658918585919
52.20291695410332,0.1157406219707582
52.20291952588378,0.1157942246800303
52.20292307665179,0.1159109805930711
52.20292269356011,0.1159498288424175
52.20280435894028,0.1160325894335017
52.20274422293745,0.1160538637276431
52.20229973896861,0.1164346803828691
52.20205057232106,0.117653138824136
52.20202033138445,0.1179827259288003
52.20199656906009,0.118321319244952
52.20206571950969,0.119507184589736
52.20193165577247,0.120283065441356
52.20195140338299,0.1203620737188658
52.20200394799956,0.1205724342261192
52.20205225277564,0.1207653283927357
52.20206955609324,0.1210891474927879
52.2026451920875,0.1231249160818115
52.20336824662238,0.1235893702731568
52.20485391445464,0.125220588114753
52.2073466,0.1231864
52.20809070714036,0.122096601472726
52.20823764837713,0.1202360032391675
52.20809897045712,0.1181958484138267
52.20816810368758,0.1179723204968468
52.20818074262391,0.1179391373952967
52.20810673413307,0.1168599780730233
52.20611619999999,0.1147418
52.205960131969,0.1147290460374393
52.2059422703439,0.1146502196210122
52.20591448527665,0.1145678220777313
52.20586548459113,0.1144569430592526
52.20567741341982,0.1144840273168199
52.20567665992972,0.1144429880365578
52.20560188840719,0.1143729240179709
52.20550962443293,0.1142308946378421
52.20543920007485,0.1142298955730325
52.20322182900377,0.1150798123126719
52.20316503435357,0.1151042763409578
52.20291401862772,0.1156845561934006
52.20292015190405,0.1158328271435494
52.202921504247,0.1158759580174546
52.20284427011498,0.1159546444843045
52.20268624135475,0.1160761636614609
52.20265069612395,0.1160664541232563
52.2024882174522,0.1161439905417012
52.20219886673626,0.1165032659539394
52.20200601220415,0.1176823487999045
52.20194316440384,0.1181516263790293
52.20196073258613,0.1186798518714625
52.20197227800865,0.1187332073475602
52.20197067131046,0.1195590569493277
52.20187659650225,0.120072403493424
52.20191425135921,0.1202146288255506
52.20196800972444,0.1204310781112383
52.20198694592401,0.1205017764432341
52.20202155430958,0.1206475357855084
52.20203491888055,0.1207011239015685
52.20196346827972,0.1211214424783637
52.20257194772668,0.1232188000033331
52.20328259733607,0.1236701409956415
52.20818323685817,0.1220851351944265
52.20829786814142,0.1203450012146878
52.20814882618261,0.1188457555093358
52.2081752,0.1182697
52.20820281267838,0.1178717080114211
52.20824063755489,0.1175142993307645
52.20815133701896,0.1167215062433229
52.2081730056042,0.116652939024334
52.20583411696063,0.1143838273966935
52.20567405954155,0.1143570456502232
52.205669769943,0.1143137274015658
52.20557810526066,0.1142335602983167
52.20310251623781,0.1151304783492719
52.20282678714771,0.1158276430676608
52.20263313036004,0.1159454829204378
52.20263755302113,0.1159868944560287
52.20252204654221,0.1160223927106472
52.20241644205077,0.1161628765932221
52.20232471916787,0.1161952091432852
52.20218770129041,0.1164095268658605
52.20167540579619,0.1171000647517915
52.2016911,0.1171843
52.2017061,0.1172648
52.20173387211639,0.1173905926818227
52.20193926102073,0.1177261439995227
52.2019103,0.1180472
52.20192130378595,0.1185591830282817
52.201933698137,0.1187630176341372
52.20189218298781,0.1187951412035773
52.20192567174773,0.119585712849215
52.20186622111733,0.1211510462151416
52.20319694804974,0.1237509117181263
52.2049316,0.125707
52.2050254,0.1258008
52.2073532,0.1233515
52.2082743663513,0.1220738423850868
52.20822659665143,0.1187543497646155
52.20824687160381,0.1177457069907177
52.20827378274461,0.1174352073271621
52.20819494082584,0.1165815498709435
52.20816144998287,0.1161843584380904
52.20635588188018,0.1146897543136684
52.20588185343487,0.1144923364166743
52.20578637902182,0.1142754931553611
52.20571486798462,0.1142175804959322
52.20556793467872,0.1142114115425841
52.2055337696088,0.1142275620743192
52.2032521865547,0.1150338763993943
52.20319425988717,0.1150918742548299
52.20304103285957,0.1151588152354464
52.20281268227323,0.1156968127866662
52.20262099755652,0.115867041080719
52.20252314201603,0.1159479568744928
52.20247108720929,0.1159949330578911
52.20235031511201,0.1161810989854928
52.20231133037485,0.1161734817109448
52.20217570387124,0.1162937805975816
52.20161160071747,0.1166301663972988
52.2016273064065,0.1167812788010351
52.20164888950203,0.1169387996253235
52.2017163,0.1173112
52.2017522,0.1174734
52.20180260268913,0.1176563681338691
52.2018398,0.1177914
52.2018512779015,0.1178330458675713
52.20190987905145,0.1180456726434055
52.20190107111731,0.1184866580232438
52.20184956861546,0.118825107643147
52.20176876161376,0.1188925210371963
52.20188271249263,0.119619421084451
52.2018444258271,0.1196636337877806
52.20185788059814,0.1199974101843395
52.20189486522616,0.1201428822594437
52.20176897395493,0.1211806499519194
52.2025055,0.1233179
52.20481991939621,0.1253716058984866
52.20485860141292,0.1256212909072644
52.20510161326461,0.1258654902069496
52.2073636483013,0.1235004475222105
52.2073579,0.1234425
52.20756840961234,0.1234262397709704
52.208334,0.1204104
52.20829875445329,0.1186695397766841
52.2083014483068,0.1182804963778259
52.20828551017669,0.1176364845071021
52.20824027232651,0.1164327036556188
52.20802068777773,0.1159611781443175
52.2064365,0.1147015
52.20580007299519,0.1143119242231876
52.20577385209774,0.1142443510841531
52.20569594294808,0.1142083664458369
52.20313447689944,0.1151166255187945
52.20307103376262,0.1151452096063394
52.20301317101155,0.115170853186271
52.20282560492567,0.1154352488191535
52.202818187674,0.1154742495034498
52.20280243406145,0.1155564953227781
52.20280494630276,0.1156037210664635
52.20259491747911,0.115727467939081
52.20260475526948,0.1157737900240363
52.20253873879142,0.1158775181652345
52.20250237091459,0.1158793475294715
52.20246319191514,0.1159441486815922
52.202366787641,0.1160035827462593
52.20228783042125,0.1160544600602691
52.20215920741988,0.1161346294786981
52.20159525179368,0.116456115993247
52.20177683407195,0.1181906130201521
52.20180898959893,0.1184829952001394
52.20170477837813,0.118939047831816
52.20166496953127,0.1194368088893327
52.2017526889095,0.1195826143670899
52.20180689590958,0.1196858367821392
52.20183808656375,0.1199309699419473
52.2024399461632,0.1234183556603465
52.20311908506218,0.1238243396476578
52.2051809457884,0.1259328283245653
52.20742395685893,0.1235553097330544
52.20849821815344,0.122783445843125
52.2085273,0.122622
52.20853772679193,0.1225356044831653
52.20835303872335,0.1220640928984364
52.2086293,0.1216236
52.20863302854509,0.1213965343903932
52.2084561947386,0.1206707470873513
52.20839057369297,0.1205309354367566
52.2083415,0.1186193
52.2083315264596,0.1183854550233963
52.20831244345915,0.1175620104327209
52.20833768150149,0.1174865563843923
52.20831843010475,0.1174704522596812
52.20826258934245,0.1163674640513932
52.20824429636048,0.1162518104356707
52.2065469,0.1147184
52.20323702570179,0.1149550275147817
52.20324540425667,0.1149955607873494
52.20299419743093,0.1151652683863347
52.20282704960925,0.1153186465872693
52.20274765381109,0.1154979554354725
52.20268511516436,0.1155304592059281
52.20259736365039,0.1155842062867407
52.20258527009345,0.1156827402934937
52.20244261002249,0.1158210737291086
52.20241426789732,0.1158214966608852
52.20226966428828,0.1159715439319484
52.20158825473122,0.1163819873597484
52.20172681197813,0.1174882959437259
52.20176701574163,0.1185168762896751
52.20172643971841,0.1185511391922205
52.201677383997,0.1189790106897988
52.2016209527344,0.1192955243852509
52.20170964207917,0.1195536626131286
52.20178365448589,0.1196432552983708
52.2016851,0.1212062
52.20164161005768,0.1212248439491851
52.20237439232639,0.123518811320693
52.20303343577586,0.1239051103701425
52.2047417,0.1255826
52.2048265,0.1255836
52.2052225,0.1259681
52.2073933,0.1240214
52.2073922,0.1238569
52.20738022123774,0.1237024525161002
52.2075219,0.123578
52.20755860349539,0.123527714462171
52.20770585516023,0.1236350499591819
52.20786035208354,0.1236922621737223
52.20855684257715,0.1223772127023017
52.2084696147123,0.1220496467443563
52.2086175,0.121792
52.2086274,0.1212718
52.2086015,0.1210972
52.20855980269822,0.1209502384116392
52.2085097,0.1207963
52.2083766603861,0.1203690632309028
52.20847718623675,0.120271656379802
52.20856224657193,0.1201892351981014
52.2083779840322,0.1185764074682253
52.20840154698692,0.118440724032451
52.20835927731397,0.1175066122461885
52.20840330809278,0.1174812932451914
52.20837571364901,0.117470422527731
52.20858154553276,0.1167264165128472
52.20830789979667,0.1162135371134809
52.20820217000455,0.116219531569925
52.20818001842889,0.1161200063088472
52.20806562388866,0.1159787527085143
52.20802312477713,0.1158813450216485
52.20659425503677,0.1146991925149449
52.20346758998741,0.1140892469606456
52.20321850937727,0.1148724709491091
52.20322697821045,0.1149120918064739
52.2028155358934,0.1152773934029199
52.20281781767148,0.1153968129844714
52.20271652735666,0.1155148309732397
52.20262483407758,0.1155641841930333
52.20257552837409,0.1156039822792252
52.20257545396426,0.1156360493102966
52.20236933933473,0.1158438699202122
52.20228975075027,0.1158855875914639
52.20217020065317,0.1158320838767395
52.20163372256458,0.1175429144040543
52.2017017263068,0.1182713184975224
52.20164164009469,0.1183358828794186
52.20168757296422,0.1185840080976277
52.20164412202978,0.1186201905492226
52.20167167967713,0.1188175360017567
52.20169112247125,0.1188843400465771
52.20164380144009,0.1190291523784595
52.20159989529657,0.1192259361565959
52.2016861539783,0.1195076791316296
52.2015701,0.1212555
52.2029555727883,0.1239785382996741
52.2047161,0.1256469
