Input FPS: 30
52.20350438367738,0.1209219253429956
0.8669391462306993
0.8333333333333334
52.20344310962211,0.1210293358122844
0.8301797540208137
52.2034186,0.1210723
0.8582278481012658
0.8512043512043512
0.8673237300985596
52.20344310962211,0.1210293358122844
0.8960370560988162
0.9044081228330857
52.203315,0.121252
0.8984423676012461
0.8358778625954199
0.8378378378378378
0.8166259168704156
52.20334580979506,0.1211985586856045
0.8338675213675214
52.203315,0.121252
0.8086382723455309
0.8517305893358279
52.20324011195309,0.1213739027704529
0.8306808134394341
0.8179967426710097
0.8202080237741456
0.8057395143487859
52.20315092873157,0.1215454641804275
0.8091271278522274
0.8295070898041864
0.8386100386100386
0.8358143607705779
52.2030877,0.1217328
0.8599493029150824
0.8675179569034318
0.8221070811744386
0.8463476070528967
52.20306316371939,0.1216308745785118
0.8839506172839506
0.774390243902439
0.7897435897435897
0.7707423580786026
52.2030877,0.1217328
0.839622641509434
52.20306316371939,0.1216308745785118
0.8355957767722474
0.736
0.8208695652173913
52.20299215783075,0.1213184882516482
0.7712895377128953
52.20303570847386,0.1215117936239778
0.7884615384615384
0.7465116279069768
52.2029580216612,0.1211669888606455
0.7983471074380165
52.20299215783075,0.1213184882516482
0.8617363344051447
0.8339021615472128
0.8564638783269962
52.2029580216612,0.1211669888606455
0.837404047452896
0.836441893830703
52.20292388549166,0.1210154894696428
0.837465564738292
0.7856532877882152
52.20285871644069,0.1207262633595467
0.7692307692307693
52.20281623994517,0.1206752328869818
0.812375249500998
0.8400830737279336
0.79456906729634
0.8187633262260128
52.20275706196596,0.1203422347680881
0.8093065693430657
0.8292682926829268
52.20270926685438,0.1201686457909611
0.8261178140525195
0.8084147257700977
0.8487455197132616
0.8360914105594957
0.8149019607843138
52.20267055490818,0.1200280472771767
0.8276785714285714
52.20263588919435,0.1199015780474655
0.8420056764427626
0.8716417910447761
52.20260084209364,0.1197736913483033
0.8437917222963952
0.6891891891891891
0.6287878787878788
52.20263588919435,0.1199015780474655
0.6470588235294118
0.6703296703296703
52.20260084209364,0.1197736913483033
0.715
52.20255509462983,0.1196498362894611
0.7611548556430446
0.8229027962716379
0.726161369193154
0.709051724137931
52.20263588919435,0.1199015780474655
0.6454918032786885
52.20260084209364,0.1197736913483033
0.6516129032258065
52.20255509462983,0.1196498362894611
0.6135265700483091
52.20246579347815,0.1194903684655927
0.7232472324723247
0.7547770700636943
52.2024343,0.119438
0.7228070175438597
0.6710963455149501
52.20246579347815,0.1194903684655927
0.7073791348600509
52.2025293,0.1192669
0.7639198218262806
0.7694300518134715
0.8121546961325967
0.7024390243902439
0.6801346801346801
0.7523510971786834
52.2025087,0.1193181
0.7674418604651163
0.7959641255605381
52.2025293,0.1192669
0.7279693486590039
52.2025087,0.1193181
0.6736401673640168
52.2025293,0.1192669
0.6955128205128205
0.723404255319149
52.20251598487668,0.1192307816924676
0.7146974063400576
0.6748768472906403
0.7039106145251397
52.2025293,0.1192669
0.6636636636636637
0.6474820143884892
52.20245559877102,0.1190324939374119
0.7006369426751592
0.7380952380952381
0.5899280575539568
0.6341463414634146
0.6136363636363636
52.20238849211218,0.1187394818172295
0.5967741935483871
52.20236125800184,0.1185891527150196
0.5827814569536424
0.5714285714285714
0.5535714285714286
0.5483870967741935
0.5886075949367089
0.5567010309278351
0.5784313725490197
0.5794392523364486
52.20202033138445,0.1179827259288003
0.5752212389380531
0.5785123966942148
52.20230731028059,0.1182583335606332
0.7418032786885246
52.20228070981321,0.1181028668046701
0.8531073446327684
0.7846153846153846
0.759375
0.8424242424242424
52.20225169112153,0.1179332667072559
0.8240506329113924
0.8126684636118598
0.8403275332650972
0.8284625158831004
0.8301314459049545
0.830034924330617
0.78125
0.7634961439588689
0.7805429864253394
0.6946308724832215
52.20211258767763,0.1179304397081685
0.7408993576017131
0.722567287784679
0.7066666666666667
52.20225169112153,0.1179332667072559
0.7403651115618661
52.2024089,0.1177898
0.7448559670781894
52.20251830333517,0.1177487290704413
0.7373540856031129
0.7437888198757764
0.7490909090909091
0.7687366167023555
52.20194316440384,0.1181516263790293
0.7657142857142857
0.712401055408971
0.6486486486486487
0.6631578947368421
0.7168831168831169
52.2017017263068,0.1182713184975224
0.727710843373494
0.6073059360730594
52.20164164009469,0.1183358828794186
0.6216216216216216
0.5974842767295597
0.5614035087719298
0.5548780487804879
52.20194316440384,0.1181516263790293
0.6224489795918368
52.20177683407195,0.1181906130201521
0.6368159203980099
0.5987261146496815
52.20164164009469,0.1183358828794186
0.6774193548387096
0.6424581005586593
0.6121212121212121
52.2017017263068,0.1182713184975224
0.5882352941176471
0.5894039735099338
0.6617100371747212
0.6115702479338843
0.562874251497006
0.5969387755102041
0.5870646766169154
0.6135458167330677
0.6078431372549019
0.5948275862068966
0.6
0.6347826086956522
0.6434782608695652
52.20205057232106,0.117653138824136
0.6091370558375635
0.5813953488372093
0.5797101449275363
0.5578231292517006
0.569620253164557
52.20172643971841,0.1185511391922205
0.5909090909090909
52.2017017263068,0.1182713184975224
0.5671641791044776
0.5804195804195804
0.6107784431137725
0.5795454545454546
0.5804195804195804
0.5625
0.525974025974026
52.20170477837813,0.118939047831816
0.625
0.624390243902439
0.6333333333333333
0.6018099547511312
0.6106194690265486
52.20194316440384,0.1181516263790293
0.5859375
0.6244131455399061
52.20204175761538,0.1184649055161173
0.6372549019607843
52.2019103,0.1180472
0.5948717948717949
52.20190987905145,0.1180456726434055
0.6086956521739131
52.20194316440384,0.1181516263790293
0.6276150627615062
0.6142857142857143
0.6336633663366337
52.20180260268913,0.1176563681338691
0.5898876404494382
0.581151832460733
0.5754189944134078
0.6011560693641619
0.5921052631578947
52.20173387211639,0.1173905926818227
0.6051282051282051
0.6129032258064516
0.5819209039548022
52.2017017263068,0.1182713184975224
0.5978835978835979
0.6
0.6023166023166023
0.631578947368421
0.5941422594142259
0.6
52.20177683407195,0.1181906130201521
0.585635359116022
0.6132404181184669
0.5846153846153846
0.6024096385542169
0.6061538461538462
0.5697674418604651
0.5986394557823129
52.20233618568463,0.1173847087304315
0.6132930513595166
0.610062893081761
0.5777777777777777
0.6
0.6075085324232082
0.5860805860805861
0.6234817813765182
0.5871559633027523
0.6
52.2017017263068,0.1182713184975224
0.605
0.5966850828729282
0.609375
0.6312056737588653
52.20177683407195,0.1181906130201521
0.5724907063197026
0.6206896551724138
0.6267942583732058
0.638095238095238
0.5789473684210527
0.5821596244131455
52.20202033138445,0.1179827259288003
0.597457627118644
0.5973451327433629
52.20208581641435,0.1186069985457832
0.5645161290322581
0.5803108808290155
0.5751633986928104
0.5627906976744186
0.6179245283018868
52.20190987905145,0.1180456726434055
0.5828877005347594
0.5934579439252337
52.20211258767763,0.1179304397081685
0.6019900497512438
0.5723270440251572
0.6228571428571429
0.6060606060606061
0.574468085106383
0.6235294117647059
0.5795454545454546
52.20247647058296,0.1163801476876508
0.5962732919254659
0.5735294117647058
0.6095238095238096
52.20292651834509,0.1159918692560496
0.6
0.6102941176470589
52.20292015190405,0.1158328271435494
0.5827814569536424
0.5813953488372093
0.581081081081081
52.2027277,0.1162898
0.6086956521739131
0.6208791208791209
0.5988372093023255
52.20292307665179,0.1159109805930711
0.5625
0.5845070422535211
0.5918367346938775
0.6148148148148148
0.6068376068376068
52.20292269356011,0.1159498288424175
0.7
0.5733333333333334
0.5555555555555556
0.6069364161849711
52.20257552837409,0.1156039822792252
0.5570469798657718
52.20280494630276,0.1156037210664635
0.5724137931034483
0.5488721804511278
0.5827814569536424
0.5906735751295337
0.5827814569536424
52.20274765381109,0.1154979554354725
0.6113744075829384
0.6
0.5721649484536082
0.6046511627906976
0.5827814569536424
0.6197183098591549
0.5588235294117647
52.20250237091459,0.1158793475294715
0.5531914893617021
52.20263313036004,0.1159454829204378
0.6323529411764706
0.6404494382022472
0.5934959349593496
52.20235031511201,0.1161810989854928
0.5964912280701754
0.5763546798029556
0.5934065934065934
0.5851528384279476
0.6620370370370371
0.6903914590747331
0.7308781869688386
52.20250237091459,0.1158793475294715
0.7710371819960861
0.800376647834275
0.7797752808988764
0.7951807228915663
52.20257552837409,0.1156039822792252
0.8015503875968992
0.8076923076923077
0.8181818181818182
52.20235031511201,0.1161810989854928
0.8368794326241135
0.8160315374507228
0.8401585204755614
0.8503067484662576
52.20253873879142,0.1158775181652345
0.8670820353063343
0.8568527918781725
0.8576744186046512
0.8596961572832886
0.8483245149911817
0.8282647584973166
0.8411306042884991
52.20211258767763,0.1179304397081685
0.8250235183443085
0.8205607476635514
0.8279109589041096
0.8383561643835616
0.8421052631578947
0.8516355140186916
0.8407582938388626
0.8267800212539851
0.8091133004926109
0.8219484882418813
52.2022396,0.1178626
0.8263305322128851
0.8640350877192983
0.8192955589586524
0.8061389337641357
0.7755102040816326
0.7177700348432056
52.2024089,0.1177898
0.7492795389048992
0.7424892703862661
52.20251830333517,0.1177487290704413
0.7879924953095685
0.8231441048034934
52.2024089,0.1177898
0.7758389261744967
0.7929984779299848
52.20251830333517,0.1177487290704413
0.7925608011444921
52.20270048054871,0.1177041865864176
0.8416389811738649
0.7928571428571428
0.7081632653061225
0.8256410256410256
52.20279885101065,0.1176841738198629
0.8689175769612711
0.8849337748344371
0.9048556430446194
52.20289165538716,0.1176652932702178
0.9100179964007199
0.8803652968036529
0.8480204342273308
52.20300792824014,0.1176353593023085
0.8453738910012675
0.7723970944309927
0.6879432624113475
52.20289165538716,0.1176652932702178
0.7245179063360881
52.20300792824014,0.1176353593023085
0.7577519379844961
52.20312286790101,0.1176004702104033
0.6559633027522935
0.6875
52.2031936,0.117579
0.8071428571428572
0.8087201125175809
0.8012958963282938
0.7996575342465754
52.20328267297122,0.1175584350824332
0.8521229868228404
0.8465116279069768
0.8150943396226416
52.20337485714902,0.1175423493192981
0.8045540796963947
0.7854406130268199
52.20346171286756,0.1175339439160421
0.8013986013986014
0.8335483870967741
0.8258488499452354
52.2035066,0.1175296
0.8614834673815907
0.8701787394167451
0.8418756815703381
52.20350417853056,0.1174992157721958
0.8467274233637117
52.20367260818044,0.1175380093581025
0.8415354330708661
0.7868098159509203
0.7826704545454546
52.20377226846249,0.1175954693927994
0.7829313543599258
0.8167701863354038
52.20384302886706,0.1175577469817874
0.8390129259694477
0.8505942275042445
0.8404401650618982
0.6485355648535565
0.7591463414634146
52.20377226846249,0.1175954693927994
0.7364341085271318
0.8418657565415245
52.20384302886706,0.1175577469817874
0.8472755180353031
0.8310893512851897
0.8006134969325154
52.20377226846249,0.1175954693927994
0.8148148148148148
52.20384302886706,0.1175577469817874
0.8145869947275922
0.7897623400365631
0.790625
0.7680473372781065
0.751937984496124
0.7655555555555555
0.7562814070351759
0.7628294036061026
0.7480719794344473
0.7678381256656017
0.7685492801771872
0.7676143386897404
0.7254237288135593
0.7366609294320138
0.7271317829457364
0.7201767304860088
0.745839636913767
0.7247437774524158
0.7144886363636364
0.7199367088607594
0.7233082706766917
0.7114427860696517
0.7188405797101449
0.7264957264957265
0.7242990654205608
0.71850699844479
0.7043740573152338
0.7013177159590044
0.6890756302521008
0.701062215477997
0.7079136690647482
0.7245901639344262
0.7372611464968153
0.7289972899728997
0.7208955223880597
0.7287390029325513
0.7140495867768595
0.7325769854132901
0.7364532019704434
0.7594627594627594
0.724233983286908
0.7713625866050808
0.7403381642512077
0.7655719139297849
0.8155102040816327
0.8326497128794094
0.8214285714285714
0.8049353701527615
0.8342189160467588
0.8068459657701712
0.7641196013289037
0.8322981366459627
0.7373737373737373
0.7081967213114754
52.20407595670521,0.1175911049291734
0.7172995780590717
0.7962466487935657
0.8047493403693932
0.7683741648106904
0.7571701720841301
0.7496062992125985
0.7291666666666666
0.7626774847870182
52.20416877041645,0.1176043966601489
0.7367149758454107
0.6691729323308271
0.6373056994818653
0.6752411575562701
52.20442081874283,0.1176411031312092
0.689873417721519
0.7062706270627063
0.7620528771384136
0.8047982551799345
0.7978494623655914
0.7985257985257985
0.7606679035250464
0.7772277227722773
0.7828054298642534
0.8315151515151515
52.20462525831377,0.1176743688921381
0.8422413793103448
0.8681672025723473
0.8644271145770845
0.8910344827586207
52.2047234,0.1176932
0.8915595304639463
0.9125188536953243
0.8965711073636875
0.9102687140115163
52.20482102602426,0.117719275273573
0.9066361556064073
0.9228016359918201
52.2049097769554,0.1177429800677303
0.9094736842105263
0.9248554913294798
0.9133819951338199
52.20499852788654,0.1177666848618876
0.926602086438152
0.9207221350078493
0.9044530912235192
0.8591269841269841
0.8304843304843305
52.20510442940559,0.1178990539123728
0.755700325732899
52.20499852788654,0.1177666848618876
0.7708333333333334
0.7967213114754098
0.8322475570032574
52.20510442940559,0.1178990539123728
0.8294270833333334
0.8192771084337349
0.7984832069339112
0.8348623853211009
0.8239895697522817
0.8102409638554217
0.8226351351351351
0.8229166666666666
0.8304794520547946
0.8233082706766918
0.7963800904977375
52.20549477069637,0.1180288029324511
0.7623188405797101
0.6590909090909091
52.20549906967128,0.1181312870378826
0.608433734939759
0.5655172413793104
0.5370370370370371
0.5714285714285714
52.2058892136459,0.1185498733309203
0.5652173913043478
0.5615763546798029
0.572289156626506
0.6130653266331658
52.20641185083674,0.1182336199747367
0.5568862275449101
0.5284552845528455
0.5631578947368421
52.20680049722158,0.1182565979241466
0.6031746031746031
0.5698324022346368
0.5522388059701493
0.5755395683453237
0.554140127388535
52.2065159,0.1188
